---
map:
  X: 0.611100
  "Y": 9.000000
  Z: 0.516000
  Yaw: 269.000000
  Pitch: -1.000000
...
