---
world:
  X: 239.486300
  "Y": 68.000000
  Z: 226.417200
  Yaw: 57.000000
  Pitch: 25.000000
mainLobby:
  X: 0.611100
  "Y": 9.000000
  Z: 0.516000
  Yaw: 269.000000
  Pitch: -1.000000
...
