---
map:
  X: 211.956300
  "Y": 4.000000
  Z: -1.048200
  Yaw: 1.000000
  Pitch: -2.000000
...
